11 [ 11 ] 9 [ 60 ] 2 : Proc [2] at lvl (1)
11 [ 11 ] 10 [ 10 ] 8 : Proc [2] at lvl (2)
11 [ 11 ] 10 [ 10 ] 9
11 [ 11 ] 10 [ 10 ] 9 : Proc [1] at lvl (2)
11 [ 11 ] 10 [ 1565 ] 1
11 [ 11 ] 10 [ 1567 ] 1
11 [ 11 ] 10 [ 1574 ] 6
11 [ 11 ] 10 [ 1579 ] 1
11 [ 11 ] 10 [ 1605 ] 8
11 [ 11 ] 10 [ 1626 ] 6
11 [ 11 ] 10 [ 1641 ] 9
11 [ 11 ] 10 [ 1651 ] 9
11 [ 11 ] 10 [ 1660 ] 9
11 [ 11 ] 10 [ 1662 ] 8
11 [ 11 ] 10 [ 1682 ] 9
11 [ 11 ] 10 [ 1693 ] 4
11 [ 11 ] 10 [ 1697 ] 8
11 [ 11 ] 10 [ 1707 ] 8
11 [ 11 ] 10 [ 1716 ] 9
11 [ 11 ] 10 [ 1718 ] 8
11 [ 11 ] 10 [ 1721 ] 5
11 [ 11 ] 10 [ 1732 ] 8
11 [ 11 ] 10 [ 1732 ] 8 : Proc [2] at lvl (1)
11 [ 11 ] 10 [ 2195 ] 8
11 [ 11 ] 10 [ 2199 ] 6
11 [ 11 ] 10 [ 2201 ] 6
11 [ 11 ] 10 [ 2204 ] 6
11 [ 11 ] 10 [ 2213 ] 9
11 [ 11 ] 10 [ 2215 ] 8
11 [ 11 ] 10 [ 2224 ] 6
11 [ 11 ] 10 [ 2264 ] 9
11 [ 11 ] 10 [ 2266 ] 8
11 [ 11 ] 10 [ 2273 ] 3
11 [ 11 ] 10 [ 2293 ] 5
11 [ 11 ] 10 [ 2316 ] 9
11 [ 11 ] 10 [ 2325 ] 9
11 [ 11 ] 10 [ 2327 ] 8
11 [ 11 ] 10 [ 2355 ] 9
11 [ 11 ] 10 [ 2357 ] 8
11 [ 11 ] 10 [ 2364 ] 6
11 [ 11 ] 10 [ 2390 ] 9
11 [ 11 ] 10 [ 2392 ] 8
11 [ 11 ] 10 [ 2399 ] 3
11 [ 11 ] 10 [ 2419 ] 3
11 [ 11 ] 10 [ 2432 ] 2
11 [ 11 ] 10 [ 2432 ] 2 : Proc [2] at lvl (1)
11 [ 11 ] 10 [ 2436 ] 6
11 [ 11 ] 10 [ 2438 ] 6
11 [ 11 ] 10 [ 2441 ] 6
11 [ 11 ] 10 [ 2461 ] 9
11 [ 11 ] 10 [ 2463 ] 8
11 [ 11 ] 10 [ 2466 ] 1
11 [ 11 ] 10 [ 2470 ] 6
11 [ 11 ] 10 [ 2482 ] 9
11 [ 11 ] 10 [ 2484 ] 8
11 [ 11 ] 10 [ 2787 ] 9
11 [ 11 ] 10 [ 2789 ] 8
11 [ 11 ] 10 [ 2798 ] 4
11 [ 11 ] 10 [ 2807 ] 1
11 [ 11 ] 10 [ 2809 ] 8
11 [ 11 ] 10 [ 2812 ] 7
11 [ 11 ] 10 [ 2817 ] 5
11 [ 11 ] 10 [ 2923 ] 4
11 [ 11 ] 10 [ 2928 ] 2
11 [ 11 ] 10 [ 2937 ] 5
11 [ 11 ] 10 [ 2958 ] 1
11 [ 11 ] 10 [ 2988 ] 8
11 [ 11 ] 10 [ 3008 ] 0
11 [ 11 ] 10 [ 3011 ] 0
11 [ 11 ] 10 [ 3013 ] 8
11 [ 11 ] 10 [ 3017 ] 4
11 [ 11 ] 10 [ 3019 ] 4
11 [ 11 ] 10 [ 3022 ] 4
11 [ 11 ] 10 [ 3099 ] 8
11 [ 11 ] 10 [ 3108 ] 6
11 [ 11 ] 10 [ 3110 ] 8
11 [ 11 ] 10 [ 3147 ] 0
11 [ 11 ] 10 [ 3202 ] 0
11 [ 11 ] 10 [ 3204 ] 8
11 [ 11 ] 10 [ 3211 ] 6
11 [ 11 ] 10 [ 3238 ] 1
11 [ 11 ] 10 [ 3252 ] 3
11 [ 11 ] 10 [ 3266 ] 9
11 [ 11 ] 10 [ 3286 ] 4
11 [ 11 ] 10 [ 3304 ] 9
11 [ 11 ] 10 [ 3387 ] 7
11 [ 11 ] 10 [ 3401 ] 6
11 [ 11 ] 10 [ 3421 ] 3
11 [ 11 ] 10 [ 3434 ] 7
11 [ 11 ] 10 [ 3493 ] 6
11 [ 11 ] 10 [ 3498 ] 5
11 [ 11 ] 10 [ 3616 ] 1
11 [ 11 ] 10 [ 3623 ] 3
11 [ 11 ] 10 [ 3633 ] 8
11 [ 11 ] 10 [ 3652 ] 0
11 [ 11 ] 10 [ 3654 ] 5
11 [ 11 ] 10 [ 3661 ] 5
11 [ 11 ] 10 [ 3681 ] 5
11 [ 11 ] 10 [ 3702 ] 0
11 [ 11 ] 10 [ 3725 ] 0
11 [ 11 ] 10 [ 3867 ] 3
11 [ 11 ] 10 [ 3873 ] 4
11 [ 11 ] 10 [ 3881 ] 2
11 [ 11 ] 10 [ 3883 ] 2
11 [ 11 ] 10 [ 3890 ] 6
11 [ 11 ] 10 [ 3895 ] 5
11 [ 22 ] 9 [ 9 ] 8
11 [ 22 ] 9 [ 30 ] 3
11 [ 22 ] 9 [ 39 ] 3
11 [ 22 ] 9 [ 47 ] 2
11 [ 22 ] 9 [ 54 ] 2
11 [ 22 ] 9 [ 60 ] 2
11 [ 22 ] 9 [ 3772 ] 4
