bell12.ec
1.5
0.8
0.6
0.5
0.5
0.5
0.4
0.4
0.4
0.4
0.4
0.4
0.4
0.4
0.4
0.4
bell13.ec
10.4
6.0
4.8
3.8
3.6
3.6
3.0
2.9
3.1
2.8
2.9
2.7
2.6
2.6
2.6
2.5
bell14.ec
76.1
44.0
32.3
26.6
25.7
23.1
21.0
20.1
20.2
19.5
19.7
19.6
21.0
17.5
17.8
17.1
matching8.ec
0.3
0.2
0.1
0.1
0.1
0.1
0.1
0.1
0.1
0.1
0.1
0.1
0.1
0.1
0.0
0.0
matching9.ec
5.9
3.2
2.1
1.8
1.5
1.1
1.2
1.2
0.8
0.8
0.9
0.9
0.9
0.9
0.9
0.9
matching10.ec
113.7
60.3
43.6
30.6
26.4
25.5
21.1
20.4
20.7
14.3
14.6
14.5
15.2
15.5
15.3
15.6
pentomino_6_10.ec
10.5
5.3
3.8
2.9
2.6
2.2
2.2
1.6
1.9
1.5
1.5
1.4
1.6
1.7
1.1
1.1
pento_plus_tetra_2x4x10.ec
684.6
345.9
233.5
290.5
177.1
143.6
129.4
194.8
123.5
102.7
122.2
139.0
127.0
90.2
91.4
110.4
