bell12.ec
1.5
1.4
1.4
1.4
1.4
1.4
1.4
1.4
1.5
1.4
1.5
1.4
1.4
1.4
1.4
1.4
bell13.ec
10.7
10.2
10.0
10.4
10.1
10.4
10.5
10.4
10.9
10.6
10.3
10.9
11.1
10.7
10.7
10.7
bell14.ec
78.5
74.9
73.0
77.8
78.0
78.3
79.4
80.1
80.1
80.3
79.8
85.4
81.0
80.6
82.7
81.9
matching8.ec
0.4
0.2
0.1
0.1
0.1
0.1
0.1
0.2
0.2
0.2
0.1
0.1
0.1
0.1
0.0
0.4
matching9.ec
5.9
3.3
2.5
1.8
1.9
2.7
2.1
1.2
3.6
3.2
3.0
2.5
2.2
1.8
1.3
0.9
matching10.ec
112.9
60.1
42.9
42.3
45.0
25.4
48.1
33.3
21.0
70.1
65.0
59.4
50.4
43.6
38.0
29.8
pentomino_6_10.ec
10.5
5.4
3.8
2.9
2.5
2.1
2.6
1.7
2.7
1.6
4.4
3.5
2.9
2.0
1.2
1.0
pento_plus_tetra_2x4x10.ec
693.1
354.9
253.2
181.9
183.1
178.5
187.1
99.1
197.4
115.7
293.9
245.7
206.5
154.8
105.9
60.5
