bell12.ec
0.0
2.7
3.5
3.1
3.8
3.7
3.6
2.4
2.3
1.6
2.3
1.7
2.2
2.2
2.4
2.2
bell13.ec
0.0
20.3
12.5
8.3
7.2
6.8
8.5
7.3
4.9
5.8
5.6
5.8
4.3
6.3
6.0
4.1
bell14.ec
0.0
139.8
75.6
58.2
54.0
41.9
38.6
30.7
28.1
23.9
28.1
26.5
26.5
22.6
23.4
25.8
matching10.ec
0.0
215.2
103.6
71.3
51.3
42.8
42.7
34.0
30.7
31.1
24.4
22.9
23.9
23.7
24.1
20.0
matching8.ec
0.0
0.6
1.3
1.2
2.2
1.1
2.1
2.1
2.1
2.1
2.1
2.1
2.0
2.1
2.0
2.1
matching9.ec
0.0
10.3
6.4
5.7
5.9
3.9
4.0
3.8
3.6
3.4
2.7
3.3
2.7
3.1
2.7
3.4
pentomino_6_10.ec
0.0
21.1
11.5
8.3
6.2
5.7
6.7
6.9
3.6
3.7
4.0
5.0
4.4
5.0
3.4
3.4
pento_plus_tetra_2x4x10.ec
0.0
1335.4
679.6
469.4
551.5
289.2
277.6
233.1
363.9
185.5
195.0
240.4
226.2
237.0
156.0
165.1
