bell12.ec
2.6
2.4
2.7
2.4
2.5
2.4
2.8
2.7
2.5
2.5
2.5
2.9
2.7
2.6
2.7
2.7
bell13.ec
15.3
14.8
14.3
14.3
15.0
14.2
15.5
15.9
14.6
16.0
14.9
15.6
15.2
15.5
14.8
15.1
bell14.ec
100.9
103.0
102.1
104.6
122.4
106.9
104.1
113.7
121.7
105.7
108.6
104.3
106.0
107.0
127.7
107.0
matching10.ec
172.7
92.1
60.6
65.8
63.7
37.5
66.3
50.4
29.8
97.8
87.4
78.3
70.3
65.3
51.5
40.3
matching8.ec
1.0
0.7
0.7
0.8
0.6
0.7
0.6
0.9
0.8
0.9
0.8
0.7
0.7
0.6
0.7
1.2
matching9.ec
9.7
5.0
4.1
3.2
3.1
4.1
3.4
2.3
5.7
5.1
4.6
3.9
3.6
2.9
2.4
1.8
pentomino_6_10.ec
16.2
8.3
6.3
4.9
4.4
3.6
4.6
3.2
4.5
2.9
6.9
5.5
5.0
3.7
2.6
2.0
pento_plus_tetra_2x4x10.ec
1003.0
519.8
370.0
266.6
263.9
253.5
279.4
150.1
283.8
170.1
425.7
340.3
302.4
216.3
149.7
80.3
