bell12.ec
2.6
1.7
1.4
1.2
1.2
1.2
1.1
1.1
1.2
1.1
1.1
1.1
1.2
1.2
1.2
1.4
bell13.ec
15.3
9.1
6.9
6.2
5.4
5.7
4.7
4.7
4.6
4.3
4.7
4.3
4.5
4.0
4.0
4.0
bell14.ec
122.5
60.5
45.9
40.0
35.5
32.8
30.8
34.2
27.8
30.7
27.6
26.4
26.0
24.2
25.1
24.9
matching10.ec
162.9
87.8
60.2
45.5
36.7
36.3
29.8
32.6
29.4
21.7
21.7
20.1
21.4
22.6
23.1
21.7
matching8.ec
1.0
0.7
0.7
0.7
0.6
0.6
0.7
0.6
0.6
0.7
0.7
0.7
0.6
0.7
0.6
0.7
matching9.ec
8.8
5.1
3.5
2.9
2.7
2.1
2.3
2.2
2.0
1.7
1.7
1.7
1.8
1.8
1.8
1.8
pentomino_6_10.ec
16.9
8.3
6.2
4.8
4.3
3.6
3.9
3.0
3.3
2.8
2.7
2.6
3.1
3.1
2.2
2.5
pento_plus_tetra_2x4x10.ec
1023.0
524.7
355.2
423.0
251.0
207.3
194.6
285.4
191.3
154.0
171.0
196.5
181.5
125.2
125.1
154.2
