bell12.ec
0.0
2.8
1.6
1.2
1.1
0.9
0.8
0.8
0.8
0.8
0.7
0.7
0.7
0.7
0.6
0.6
bell13.ec
0.0
19.4
11.1
8.5
7.0
6.2
5.8
6.0
5.4
5.5
5.1
4.9
4.9
4.5
4.5
4.4
bell14.ec
0.0
139.6
83.9
60.3
50.2
44.3
41.2
38.8
37.3
36.2
34.8
34.8
33.5
34.5
31.4
29.0
matching10.ec
0.0
209.4
107.9
77.4
58.1
47.7
45.5
36.5
38.3
36.7
25.6
24.7
26.2
25.7
26.4
25.6
matching8.ec
0.0
0.6
0.3
0.2
0.2
0.1
0.1
0.1
0.1
0.1
0.1
0.1
0.1
0.1
0.1
0.1
matching9.ec
0.0
11.0
5.6
3.7
3.1
2.7
2.1
2.1
2.1
1.4
1.4
1.4
1.4
1.5
1.4
1.4
pentomino_6_10.ec
0.0
21.3
10.8
7.6
6.0
5.1
4.4
4.5
3.3
3.7
2.9
2.9
2.7
3.1
3.1
2.1
pento_plus_tetra_2x4x10.ec
0.0
1325.0
667.0
464.1
569.6
326.3
291.8
248.0
373.6
239.5
197.6
235.1
257.7
241.1
160.0
167.9
